propeller:
  nblades: 2
  solidity: 0.1
  radius: 0.20
  omega: 5500
  geometry:
    radii: [0.05, 0.2, 0.3, 0.4, 0.5, 0.6, 0.7, 0.8, 0.9, 1.0]
    pitch: [10, 19.6, 17.9, 14.4, 11.6, 9.7, 8.4, 7.2, 6.7, 6.2]
    chord: [0.6, 1.07, 1.25561, 1.25561, 1.16592, 1.04036, 0.89686, 0.7713, 0.60987, 0.44844]
    sweep: [0, 0, 0, 0, 0, 0, 0, 0, 0, 0]
    airfoil: [2412, 2412, 2412, 2412, 2412, 2412, 2412, 2412, 2412, 2412]
  hub:
    hub_dia: 20
    hub_thickness: 10
    hole_dia: 6.05
    
